[gd_scene load_steps=12 format=3 uid="uid://q8oofmjxyhtj"]

[ext_resource type="Texture2D" uid="uid://dwavmoelwxk8p" path="res://assets/images/diamond_plate.jpg" id="1_x7rpd"]
[ext_resource type="Material" uid="uid://dasxhcmah5kmf" path="res://assets/materials/smog.tres" id="2_uuoo6"]

[sub_resource type="BoxShape3D" id="BoxShape3D_384hm"]

[sub_resource type="StandardMaterial3D" id="StandardMaterial3D_x7rpd"]
albedo_texture = ExtResource("1_x7rpd")
uv1_scale = Vector3(60000, 60000, 60000)
uv1_triplanar_sharpness = 150.0
uv1_world_triplanar = true

[sub_resource type="BoxMesh" id="BoxMesh_uuoo6"]
material = SubResource("StandardMaterial3D_x7rpd")

[sub_resource type="ProceduralSkyMaterial" id="ProceduralSkyMaterial_384hm"]
sky_top_color = Color(0.24792996, 0.18902287, 0.04609084, 1)
sky_horizon_color = Color(0.6958165, 0.4578721, 0.43111232, 1)

[sub_resource type="Sky" id="Sky_y15jb"]
sky_material = SubResource("ProceduralSkyMaterial_384hm")

[sub_resource type="Environment" id="Environment_uuoo6"]
background_mode = 2
sky = SubResource("Sky_y15jb")
glow_enabled = true
glow_intensity = 8.0
glow_strength = 0.96
glow_bloom = 0.02
volumetric_fog_enabled = true
volumetric_fog_density = 0.0375
volumetric_fog_albedo = Color(0.36958534, 0.33572376, 0.23604518, 1)
volumetric_fog_emission_energy = 5.35
volumetric_fog_ambient_inject = 4.5

[sub_resource type="CylinderShape3D" id="CylinderShape3D_2bi5t"]

[sub_resource type="CylinderMesh" id="CylinderMesh_e511d"]
top_radius = 0.4

[sub_resource type="SphereMesh" id="SphereMesh_2bi5t"]
material = ExtResource("2_uuoo6")
radius = 0.2
height = 0.4

[node name="Fid" type="Node3D"]

[node name="floor" type="StaticBody3D" parent="."]
transform = Transform3D(1, 0, 0, 0, 1.0074999, 0, 0, 0, 1, 0, 0, 0)

[node name="CollisionShape3D" type="CollisionShape3D" parent="floor"]
transform = Transform3D(60000, 0, 0, 0, 1, 0, 0, 0, 20000, 0, 0, 0)
shape = SubResource("BoxShape3D_384hm")

[node name="MeshInstance3D" type="MeshInstance3D" parent="floor/CollisionShape3D"]
transform = Transform3D(1.23154, 0, 0, 0, 1.2315401, 0, 0, 0, 7.5449395, 0, 0, 0)
mesh = SubResource("BoxMesh_uuoo6")

[node name="WorldEnvironment" type="WorldEnvironment" parent="."]
environment = SubResource("Environment_uuoo6")

[node name="let there be light" type="DirectionalLight3D" parent="."]
transform = Transform3D(1, 0, 0, 0, 0.81915206, 0.57357645, 0, -0.57357645, 0.81915206, 0, 0, 0)
light_indirect_energy = 1.45
light_volumetric_fog_energy = 0.555
shadow_enabled = true
directional_shadow_split_1 = 0.555

[node name="fuel repo" type="Node3D" parent="."]

[node name="smogger1" type="CollisionShape3D" parent="fuel repo"]
transform = Transform3D(1, 0, 0, 0, 1, 0, 0, 0, 1, 3.2259502, 1.6359957, 0)
shape = SubResource("CylinderShape3D_2bi5t")

[node name="MeshInstance3D" type="MeshInstance3D" parent="fuel repo/smogger1"]
mesh = SubResource("CylinderMesh_e511d")

[node name="CPUParticles3D" type="CPUParticles3D" parent="fuel repo/smogger1"]
transform = Transform3D(1, 0, 0, 0, 0.34202015, 0.9396926, 0, -0.9396926, 0.34202015, 0, 1.0000001, 0)
amount = 100
lifetime = 4.0
randomness = 1.0
lifetime_randomness = 1.0
mesh = SubResource("SphereMesh_2bi5t")
direction = Vector3(0, 0, 0)
spread = 25.5
gravity = Vector3(0, 1, 0)
initial_velocity_min = 0.45
initial_velocity_max = 0.95

[node name="smogger2" type="CollisionShape3D" parent="fuel repo"]
transform = Transform3D(1, 0, 0, 0, 1, 0, 0, 0, 1, 4.1259503, 1.6359957, 0)
shape = SubResource("CylinderShape3D_2bi5t")

[node name="MeshInstance3D" type="MeshInstance3D" parent="fuel repo/smogger2"]
mesh = SubResource("CylinderMesh_e511d")

[node name="CPUParticles3D" type="CPUParticles3D" parent="fuel repo/smogger2"]
transform = Transform3D(1, 0, 0, 0, 0.34202015, 0.9396926, 0, -0.9396926, 0.34202015, 0, 1.0000001, 0)
amount = 100
lifetime = 4.0
randomness = 1.0
lifetime_randomness = 1.0
mesh = SubResource("SphereMesh_2bi5t")
direction = Vector3(0, 0, 0)
spread = 25.5
gravity = Vector3(0, 1, 0)
initial_velocity_min = 0.45
initial_velocity_max = 0.95

[node name="smogger3" type="CollisionShape3D" parent="fuel repo"]
transform = Transform3D(1, 0, 0, 0, 1, 0, 0, 0, 1, 5.0259504, 1.6359957, 0)
shape = SubResource("CylinderShape3D_2bi5t")

[node name="MeshInstance3D" type="MeshInstance3D" parent="fuel repo/smogger3"]
mesh = SubResource("CylinderMesh_e511d")

[node name="CPUParticles3D" type="CPUParticles3D" parent="fuel repo/smogger3"]
transform = Transform3D(1, 0, 0, 0, 0.34202015, 0.9396926, 0, -0.9396926, 0.34202015, 0, 1.0000001, 0)
amount = 100
lifetime = 4.0
randomness = 1.0
lifetime_randomness = 1.0
mesh = SubResource("SphereMesh_2bi5t")
direction = Vector3(0, 0, 0)
spread = 25.5
gravity = Vector3(0, 1, 0)
initial_velocity_min = 0.45
initial_velocity_max = 0.95

[node name="smogger4" type="CollisionShape3D" parent="fuel repo"]
transform = Transform3D(0.54167527, 0.4545195, 0.7071068, -0.64278764, 0.76604456, 0, -0.5416752, -0.45451948, 0.70710677, 7.3259506, 0.93599576, 4.8339596)
shape = SubResource("CylinderShape3D_2bi5t")

[node name="MeshInstance3D" type="MeshInstance3D" parent="fuel repo/smogger4"]
mesh = SubResource("CylinderMesh_e511d")

[node name="CPUParticles3D" type="CPUParticles3D" parent="fuel repo/smogger4"]
transform = Transform3D(1, 0, 0, 0, 0.34202015, 0.9396926, 0, -0.9396926, 0.34202015, 0, 1.0000001, 0)
amount = 100
lifetime = 4.0
randomness = 1.0
lifetime_randomness = 1.0
mesh = SubResource("SphereMesh_2bi5t")
direction = Vector3(0, 0, 0)
spread = 25.5
gravity = Vector3(0, 1, 0)
initial_velocity_min = 0.45
initial_velocity_max = 0.95
